Which test group you want to test? Lv 0
0: 3 5 11 14 
1: 0 1 10 12 15 
2: 2 13 
3: 4 9 
4: 6 7 8 
Supply:
0  Lv 0: 16.46	Lv 1: 2.58	Total: 19.04	Final: 19.04
1  Lv 0: 20.26	Lv 1: 5.97	Total: 26.23	Final: 20.00
2  Lv 0: 6.61	Lv 1: 1.20	Total: 7.81	Final: 7.81
3  Lv 0: 7.92	Lv 1: 0.46	Total: 8.38	Final: 8.38
4  Lv 0: 12.35	Lv 1: 1.06	Total: 13.41	Final: 13.41
demand before:
5.28 0.00 6.72 6.00 28.80 
3.80 0.00 0.00 0.00 0.00 

0.00 3.80 0.00 0.00 0.00 

0.00 0.00 0.00 32.00 0.00 

32.00 0.00 0.00 0.00 0.00 

27.60 0.00 0.00 0.00 0.00 

0.00 24.00 0.00 0.00 0.00 

0.00 0.00 18.00 0.00 0.00 

demand after:
68.68 27.80 24.72 38.00 28.80 
demand times supply:
1307.77 556.00 192.98 318.43 386.17 
Major: 0
Round 1
==============================================
Player 0's gem:   0 0 0 0 0 0 
Player 0's bonus: 0 0 0 0 0 
Player 0's reserve: 
----------------------------------------------
Remained Gem Tokens: 4 4 4 4 4 4 
25 [1 0 0 2 0][0 0] 26 [0 0 0 0 4][2 1] 28 [2 1 2 0 0][1 0] 37 [2 0 0 1 0][1 0] 
52 [0 2 4 1 0][0 2] 59 [0 0 0 3 5][1 2] 66 [0 2 1 0 4][1 2] 69 [0 0 0 0 6][1 3] 
83 [5 3 3 0 3][2 3] 86 [7 0 0 0 0][2 4] 87 [0 0 0 7 0][1 4] 89 [3 5 3 3 0][0 3] 
Score: 0 VS 0
----------------------------------------------
Player 1's gem:   0 0 0 0 0 0 
Player 1's bonus: 0 0 0 0 0 
Player 1's reserve: 
==============================================
start stage 0
[1 0 0 2 0]
joker_max = 0 cannot afford
[1 0 0 2 0]
joker_max = 0 cannot afford
step.toofar = false step.pickn = 3

process end
[7 0 0 0 0]
joker_max = 0 cannot afford
[5 3 3 0 3]
joker_max = 0 cannot afford
end stage 0
value = 7.70 [2 0 0 1 0]
joker_max = 0 cannot afford
step.toofar = false step.pickn = 3

value = 6.90 [0 0 0 0 4]
joker_max = 0 cannot afford
step.toofar = false step.pickn = 2

player 0's move: take 1 0 0 1 1 
Round 2
==============================================
Player 0's gem:   1 0 0 1 1 0 
Player 0's bonus: 0 0 0 0 0 
Player 0's reserve: 
----------------------------------------------
Remained Gem Tokens: 3 4 4 3 3 4 
25 [1 0 0 2 0][0 0] 26 [0 0 0 0 4][2 1] 28 [2 1 2 0 0][1 0] 37 [2 0 0 1 0][1 0] 
52 [0 2 4 1 0][0 2] 59 [0 0 0 3 5][1 2] 66 [0 2 1 0 4][1 2] 69 [0 0 0 0 6][1 3] 
83 [5 3 3 0 3][2 3] 86 [7 0 0 0 0][2 4] 87 [0 0 0 7 0][1 4] 89 [3 5 3 3 0][0 3] 
Score: 0 VS 0
----------------------------------------------
Player 1's gem:   0 0 0 0 0 0 
Player 1's bonus: 0 0 0 0 0 
Player 1's reserve: 
==============================================
player 1's move: reserve 37
Round 3
==============================================
Player 0's gem:   1 0 0 1 1 0 
Player 0's bonus: 0 0 0 0 0 
Player 0's reserve: 
----------------------------------------------
Remained Gem Tokens: 3 4 4 3 3 3 
25 [1 0 0 2 0][0 0] 26 [0 0 0 0 4][2 1] 28 [2 1 2 0 0][1 0] 31 [0 1 3 0 1][3 0] 
52 [0 2 4 1 0][0 2] 59 [0 0 0 3 5][1 2] 66 [0 2 1 0 4][1 2] 69 [0 0 0 0 6][1 3] 
83 [5 3 3 0 3][2 3] 86 [7 0 0 0 0][2 4] 87 [0 0 0 7 0][1 4] 89 [3 5 3 3 0][0 3] 
Score: 0 VS 0
----------------------------------------------
Player 1's gem:   0 0 0 0 0 1 
Player 1's bonus: 0 0 0 0 0 
Player 1's reserve: 37 [2 0 0 1 0][1 0] 
==============================================
start stage 0
[1 0 0 2 0]
joker_max = 0 cannot afford
[1 0 0 2 0]
joker_max = 1 cannot afford
step.toofar = false step.pickn = 3

process end
[7 0 0 0 0]
joker_max = 0 cannot afford
[5 3 3 0 3]
joker_max = 0 cannot afford
end stage 0
value = 8.70 [0 1 3 0 1]
joker_max = 0 cannot afford
step.toofar = false step.pickn = 3

value = 6.90 [0 0 0 0 4]
joker_max = 0 cannot afford
step.toofar = false step.pickn = 2

player 0's move: take 0 1 1 1 0 
Round 4
==============================================
Player 0's gem:   1 1 1 2 1 0 
Player 0's bonus: 0 0 0 0 0 
Player 0's reserve: 
----------------------------------------------
Remained Gem Tokens: 3 3 3 2 3 3 
25 [1 0 0 2 0][0 0] 26 [0 0 0 0 4][2 1] 28 [2 1 2 0 0][1 0] 31 [0 1 3 0 1][3 0] 
52 [0 2 4 1 0][0 2] 59 [0 0 0 3 5][1 2] 66 [0 2 1 0 4][1 2] 69 [0 0 0 0 6][1 3] 
83 [5 3 3 0 3][2 3] 86 [7 0 0 0 0][2 4] 87 [0 0 0 7 0][1 4] 89 [3 5 3 3 0][0 3] 
Score: 0 VS 0
----------------------------------------------
Player 1's gem:   0 0 0 0 0 1 
Player 1's bonus: 0 0 0 0 0 
Player 1's reserve: 37 [2 0 0 1 0][1 0] 
==============================================
player 1's move: take 0 1 0 1 1 
Round 5
==============================================
Player 0's gem:   1 1 1 2 1 0 
Player 0's bonus: 0 0 0 0 0 
Player 0's reserve: 
----------------------------------------------
Remained Gem Tokens: 3 2 3 1 2 3 
25 [1 0 0 2 0][0 0] 26 [0 0 0 0 4][2 1] 28 [2 1 2 0 0][1 0] 31 [0 1 3 0 1][3 0] 
52 [0 2 4 1 0][0 2] 59 [0 0 0 3 5][1 2] 66 [0 2 1 0 4][1 2] 69 [0 0 0 0 6][1 3] 
83 [5 3 3 0 3][2 3] 86 [7 0 0 0 0][2 4] 87 [0 0 0 7 0][1 4] 89 [3 5 3 3 0][0 3] 
Score: 0 VS 0
----------------------------------------------
Player 1's gem:   0 1 0 1 1 1 
Player 1's bonus: 0 0 0 0 0 
Player 1's reserve: 37 [2 0 0 1 0][1 0] 
==============================================
start stage 0
[1 0 0 2 0]
player 0's move: buy 25
Round 6
==============================================
Player 0's gem:   0 1 1 0 1 0 
Player 0's bonus: 1 0 0 0 0 
Player 0's reserve: 
----------------------------------------------
Remained Gem Tokens: 4 2 3 3 2 3 
15 [1 1 0 3 0][0 0] 26 [0 0 0 0 4][2 1] 28 [2 1 2 0 0][1 0] 31 [0 1 3 0 1][3 0] 
52 [0 2 4 1 0][0 2] 59 [0 0 0 3 5][1 2] 66 [0 2 1 0 4][1 2] 69 [0 0 0 0 6][1 3] 
83 [5 3 3 0 3][2 3] 86 [7 0 0 0 0][2 4] 87 [0 0 0 7 0][1 4] 89 [3 5 3 3 0][0 3] 
Score: 0 VS 0
----------------------------------------------
Player 1's gem:   0 1 0 1 1 1 
Player 1's bonus: 0 0 0 0 0 
Player 1's reserve: 37 [2 0 0 1 0][1 0] 
==============================================
player 1's move: reserve 52
Round 7
==============================================
Player 0's gem:   0 1 1 0 1 0 
Player 0's bonus: 1 0 0 0 0 
Player 0's reserve: 
----------------------------------------------
Remained Gem Tokens: 4 2 3 3 2 2 
15 [1 1 0 3 0][0 0] 26 [0 0 0 0 4][2 1] 28 [2 1 2 0 0][1 0] 31 [0 1 3 0 1][3 0] 
59 [0 0 0 3 5][1 2] 64 [0 0 0 5 3][2 2] 66 [0 2 1 0 4][1 2] 69 [0 0 0 0 6][1 3] 
83 [5 3 3 0 3][2 3] 86 [7 0 0 0 0][2 4] 87 [0 0 0 7 0][1 4] 89 [3 5 3 3 0][0 3] 
Score: 0 VS 0
----------------------------------------------
Player 1's gem:   0 1 0 1 1 2 
Player 1's bonus: 0 0 0 0 0 
Player 1's reserve: 37 [2 0 0 1 0][1 0] 52 [0 2 4 1 0][0 2] 
==============================================
start stage 0
[1 1 0 3 0]
joker_max = 0 cannot afford
[1 1 0 3 0]
joker_max = 2 cannot afford
step.toofar = false step.pickn = 2

process end
[7 0 0 0 0]
joker_max = 0 cannot afford
[5 3 3 0 3]
joker_max = 0 cannot afford
end stage 0
value = 8.70 [0 1 3 0 1]
joker_max = 0 cannot afford
step.toofar = false step.pickn = 2

value = 6.90 [0 0 0 0 4]
joker_max = 0 cannot afford
step.toofar = false step.pickn = 2

value = 6.50 [2 1 2 0 0]
joker_max = 0 cannot afford
step.toofar = false step.pickn = 3

player 0's move: take 0 0 0 2 0 
Round 8
==============================================
Player 0's gem:   0 1 1 2 1 0 
Player 0's bonus: 1 0 0 0 0 
Player 0's reserve: 
----------------------------------------------
Remained Gem Tokens: 4 2 3 1 2 2 
15 [1 1 0 3 0][0 0] 26 [0 0 0 0 4][2 1] 28 [2 1 2 0 0][1 0] 31 [0 1 3 0 1][3 0] 
59 [0 0 0 3 5][1 2] 64 [0 0 0 5 3][2 2] 66 [0 2 1 0 4][1 2] 69 [0 0 0 0 6][1 3] 
83 [5 3 3 0 3][2 3] 86 [7 0 0 0 0][2 4] 87 [0 0 0 7 0][1 4] 89 [3 5 3 3 0][0 3] 
Score: 0 VS 0
----------------------------------------------
Player 1's gem:   0 1 0 1 1 2 
Player 1's bonus: 0 0 0 0 0 
Player 1's reserve: 37 [2 0 0 1 0][1 0] 52 [0 2 4 1 0][0 2] 
==============================================
player 1's move: buy 37
Round 9
==============================================
Player 0's gem:   0 1 1 2 1 0 
Player 0's bonus: 1 0 0 0 0 
Player 0's reserve: 
----------------------------------------------
Remained Gem Tokens: 4 2 3 2 2 4 
15 [1 1 0 3 0][0 0] 26 [0 0 0 0 4][2 1] 28 [2 1 2 0 0][1 0] 31 [0 1 3 0 1][3 0] 
59 [0 0 0 3 5][1 2] 64 [0 0 0 5 3][2 2] 66 [0 2 1 0 4][1 2] 69 [0 0 0 0 6][1 3] 
83 [5 3 3 0 3][2 3] 86 [7 0 0 0 0][2 4] 87 [0 0 0 7 0][1 4] 89 [3 5 3 3 0][0 3] 
Score: 0 VS 0
----------------------------------------------
Player 1's gem:   0 1 0 0 1 0 
Player 1's bonus: 0 1 0 0 0 
Player 1's reserve: 52 [0 2 4 1 0][0 2] 
==============================================
start stage 0
[1 1 0 3 0]
joker_max = 0 cannot afford
[1 1 0 3 0]
joker_max = 0 cannot afford
step.toofar = false step.pickn = 3

process end
[7 0 0 0 0]
joker_max = 0 cannot afford
[5 3 3 0 3]
joker_max = 0 cannot afford
end stage 0
value = 8.70 [0 1 3 0 1]
joker_max = 0 cannot afford
step.toofar = false step.pickn = 2

value = 6.90 [0 0 0 0 4]
joker_max = 0 cannot afford
step.toofar = false step.pickn = 2

value = 6.50 [2 1 2 0 0]
joker_max = 0 cannot afford
step.toofar = false step.pickn = 3

player 0's move: take 0 0 1 1 1 
Round 10
==============================================
Player 0's gem:   0 1 2 3 2 0 
Player 0's bonus: 1 0 0 0 0 
Player 0's reserve: 
----------------------------------------------
Remained Gem Tokens: 4 2 2 1 1 4 
15 [1 1 0 3 0][0 0] 26 [0 0 0 0 4][2 1] 28 [2 1 2 0 0][1 0] 31 [0 1 3 0 1][3 0] 
59 [0 0 0 3 5][1 2] 64 [0 0 0 5 3][2 2] 66 [0 2 1 0 4][1 2] 69 [0 0 0 0 6][1 3] 
83 [5 3 3 0 3][2 3] 86 [7 0 0 0 0][2 4] 87 [0 0 0 7 0][1 4] 89 [3 5 3 3 0][0 3] 
Score: 0 VS 0
----------------------------------------------
Player 1's gem:   0 1 0 0 1 0 
Player 1's bonus: 0 1 0 0 0 
Player 1's reserve: 52 [0 2 4 1 0][0 2] 
==============================================
player 1's move: take 1 1 0 1 0 
Round 11
==============================================
Player 0's gem:   0 1 2 3 2 0 
Player 0's bonus: 1 0 0 0 0 
Player 0's reserve: 
----------------------------------------------
Remained Gem Tokens: 3 1 2 0 1 4 
15 [1 1 0 3 0][0 0] 26 [0 0 0 0 4][2 1] 28 [2 1 2 0 0][1 0] 31 [0 1 3 0 1][3 0] 
59 [0 0 0 3 5][1 2] 64 [0 0 0 5 3][2 2] 66 [0 2 1 0 4][1 2] 69 [0 0 0 0 6][1 3] 
83 [5 3 3 0 3][2 3] 86 [7 0 0 0 0][2 4] 87 [0 0 0 7 0][1 4] 89 [3 5 3 3 0][0 3] 
Score: 0 VS 0
----------------------------------------------
Player 1's gem:   1 2 0 1 1 0 
Player 1's bonus: 0 1 0 0 0 
Player 1's reserve: 52 [0 2 4 1 0][0 2] 
==============================================
start stage 0
[1 1 0 3 0]
player 0's move: buy 15
Round 12
==============================================
Player 0's gem:   0 0 2 0 2 0 
Player 0's bonus: 2 0 0 0 0 
Player 0's reserve: 
----------------------------------------------
Remained Gem Tokens: 3 2 2 3 1 4 
12 [0 2 1 2 0][4 0] 26 [0 0 0 0 4][2 1] 28 [2 1 2 0 0][1 0] 31 [0 1 3 0 1][3 0] 
59 [0 0 0 3 5][1 2] 64 [0 0 0 5 3][2 2] 66 [0 2 1 0 4][1 2] 69 [0 0 0 0 6][1 3] 
83 [5 3 3 0 3][2 3] 86 [7 0 0 0 0][2 4] 87 [0 0 0 7 0][1 4] 89 [3 5 3 3 0][0 3] 
Score: 0 VS 0
----------------------------------------------
Player 1's gem:   1 2 0 1 1 0 
Player 1's bonus: 0 1 0 0 0 
Player 1's reserve: 52 [0 2 4 1 0][0 2] 
==============================================
player 1's move: take 1 0 0 1 1 
Round 13
==============================================
Player 0's gem:   0 0 2 0 2 0 
Player 0's bonus: 2 0 0 0 0 
Player 0's reserve: 
----------------------------------------------
Remained Gem Tokens: 2 2 2 2 0 4 
12 [0 2 1 2 0][4 0] 26 [0 0 0 0 4][2 1] 28 [2 1 2 0 0][1 0] 31 [0 1 3 0 1][3 0] 
59 [0 0 0 3 5][1 2] 64 [0 0 0 5 3][2 2] 66 [0 2 1 0 4][1 2] 69 [0 0 0 0 6][1 3] 
83 [5 3 3 0 3][2 3] 86 [7 0 0 0 0][2 4] 87 [0 0 0 7 0][1 4] 89 [3 5 3 3 0][0 3] 
Score: 0 VS 0
----------------------------------------------
Player 1's gem:   2 2 0 2 2 0 
Player 1's bonus: 0 1 0 0 0 
Player 1's reserve: 52 [0 2 4 1 0][0 2] 
==============================================
value = 10.26 [0 2 1 2 0]
joker_max = 0 cannot afford
step.toofar = false step.pickn = 3

value = 7.83 [0 1 3 0 1]
joker_max = 0 cannot afford
step.toofar = false step.pickn = 3

value = 7.36 [7 0 0 0 0]
joker_max = 0 cannot afford
step.toofar = true step.pickn = 0

value = 6.93 [2 1 2 0 0]
joker_max = 0 cannot afford
step.toofar = false step.pickn = 3

player 0's move: take 0 1 1 1 0 
Round 14
==============================================
Player 0's gem:   0 1 3 1 2 0 
Player 0's bonus: 2 0 0 0 0 
Player 0's reserve: 
----------------------------------------------
Remained Gem Tokens: 2 1 1 1 0 4 
12 [0 2 1 2 0][4 0] 26 [0 0 0 0 4][2 1] 28 [2 1 2 0 0][1 0] 31 [0 1 3 0 1][3 0] 
59 [0 0 0 3 5][1 2] 64 [0 0 0 5 3][2 2] 66 [0 2 1 0 4][1 2] 69 [0 0 0 0 6][1 3] 
83 [5 3 3 0 3][2 3] 86 [7 0 0 0 0][2 4] 87 [0 0 0 7 0][1 4] 89 [3 5 3 3 0][0 3] 
Score: 0 VS 0
----------------------------------------------
Player 1's gem:   2 2 0 2 2 0 
Player 1's bonus: 0 1 0 0 0 
Player 1's reserve: 52 [0 2 4 1 0][0 2] 
==============================================
player 1's move: reserve 86
Round 15
==============================================
Player 0's gem:   0 1 3 1 2 0 
Player 0's bonus: 2 0 0 0 0 
Player 0's reserve: 
----------------------------------------------
Remained Gem Tokens: 2 1 1 1 0 3 
12 [0 2 1 2 0][4 0] 26 [0 0 0 0 4][2 1] 28 [2 1 2 0 0][1 0] 31 [0 1 3 0 1][3 0] 
59 [0 0 0 3 5][1 2] 64 [0 0 0 5 3][2 2] 66 [0 2 1 0 4][1 2] 69 [0 0 0 0 6][1 3] 
83 [5 3 3 0 3][2 3] 84 [7 0 0 3 0][2 5] 87 [0 0 0 7 0][1 4] 89 [3 5 3 3 0][0 3] 
Score: 0 VS 0
----------------------------------------------
Player 1's gem:   2 2 0 2 2 1 
Player 1's bonus: 0 1 0 0 0 
Player 1's reserve: 52 [0 2 4 1 0][0 2] 86 [7 0 0 0 0][2 4] 
==============================================
value = 10.26 [0 2 1 2 0]
joker_max = 0 cannot afford
step.toofar = false step.pickn = 3

value = 7.83 [0 1 3 0 1]
player 0's move: buy 31
Round 16
==============================================
Player 0's gem:   0 0 0 1 1 0 
Player 0's bonus: 2 0 0 1 0 
Player 0's reserve: 
----------------------------------------------
Remained Gem Tokens: 2 2 4 1 1 3 
12 [0 2 1 2 0][4 0] 20 [0 4 0 0 0][4 1] 26 [0 0 0 0 4][2 1] 28 [2 1 2 0 0][1 0] 
59 [0 0 0 3 5][1 2] 64 [0 0 0 5 3][2 2] 66 [0 2 1 0 4][1 2] 69 [0 0 0 0 6][1 3] 
83 [5 3 3 0 3][2 3] 84 [7 0 0 3 0][2 5] 87 [0 0 0 7 0][1 4] 89 [3 5 3 3 0][0 3] 
Score: 0 VS 0
----------------------------------------------
Player 1's gem:   2 2 0 2 2 1 
Player 1's bonus: 0 1 0 0 0 
Player 1's reserve: 52 [0 2 4 1 0][0 2] 86 [7 0 0 0 0][2 4] 
==============================================
player 1's move: buy 12
Round 17
==============================================
Player 0's gem:   0 0 0 1 1 0 
Player 0's bonus: 2 0 0 1 0 
Player 0's reserve: 
----------------------------------------------
Remained Gem Tokens: 2 3 4 3 1 4 
 0 [0 2 0 0 1][4 0] 20 [0 4 0 0 0][4 1] 26 [0 0 0 0 4][2 1] 28 [2 1 2 0 0][1 0] 
59 [0 0 0 3 5][1 2] 64 [0 0 0 5 3][2 2] 66 [0 2 1 0 4][1 2] 69 [0 0 0 0 6][1 3] 
83 [5 3 3 0 3][2 3] 84 [7 0 0 3 0][2 5] 87 [0 0 0 7 0][1 4] 89 [3 5 3 3 0][0 3] 
Score: 0 VS 0
----------------------------------------------
Player 1's gem:   2 1 0 0 2 0 
Player 1's bonus: 0 1 0 0 1 
Player 1's reserve: 52 [0 2 4 1 0][0 2] 86 [7 0 0 0 0][2 4] 
==============================================
value = 12.60 [0 2 0 0 1]
joker_max = 0 cannot afford
step.toofar = false step.pickn = 2

value = 10.35 [0 4 0 0 0]
joker_max = 0 cannot afford
step.toofar = false step.pickn = 2

value = 6.93 [2 1 2 0 0]
joker_max = 0 cannot afford
step.toofar = false step.pickn = 3

player 0's move: take 0 2 0 0 0 
Round 18
==============================================
Player 0's gem:   0 2 0 1 1 0 
Player 0's bonus: 2 0 0 1 0 
Player 0's reserve: 
----------------------------------------------
Remained Gem Tokens: 2 1 4 3 1 4 
 0 [0 2 0 0 1][4 0] 20 [0 4 0 0 0][4 1] 26 [0 0 0 0 4][2 1] 28 [2 1 2 0 0][1 0] 
59 [0 0 0 3 5][1 2] 64 [0 0 0 5 3][2 2] 66 [0 2 1 0 4][1 2] 69 [0 0 0 0 6][1 3] 
83 [5 3 3 0 3][2 3] 84 [7 0 0 3 0][2 5] 87 [0 0 0 7 0][1 4] 89 [3 5 3 3 0][0 3] 
Score: 0 VS 0
----------------------------------------------
Player 1's gem:   2 1 0 0 2 0 
Player 1's bonus: 0 1 0 0 1 
Player 1's reserve: 52 [0 2 4 1 0][0 2] 86 [7 0 0 0 0][2 4] 
==============================================
player 1's move: buy 0
Round 19
==============================================
Player 0's gem:   0 2 0 1 1 0 
Player 0's bonus: 2 0 0 1 0 
Player 0's reserve: 
----------------------------------------------
Remained Gem Tokens: 2 2 4 3 1 4 
20 [0 4 0 0 0][4 1] 21 [0 0 2 0 2][3 0] 26 [0 0 0 0 4][2 1] 28 [2 1 2 0 0][1 0] 
59 [0 0 0 3 5][1 2] 64 [0 0 0 5 3][2 2] 66 [0 2 1 0 4][1 2] 69 [0 0 0 0 6][1 3] 
83 [5 3 3 0 3][2 3] 84 [7 0 0 3 0][2 5] 87 [0 0 0 7 0][1 4] 89 [3 5 3 3 0][0 3] 
Score: 0 VS 0
----------------------------------------------
Player 1's gem:   2 0 0 0 2 0 
Player 1's bonus: 0 1 0 0 2 
Player 1's reserve: 52 [0 2 4 1 0][0 2] 86 [7 0 0 0 0][2 4] 
==============================================
value = 10.35 [0 4 0 0 0]
joker_max = 0 cannot afford
step.toofar = false step.pickn = 2

value = 9.18 [0 0 2 0 2]
joker_max = 0 cannot afford
step.toofar = false step.pickn = 3

value = 6.93 [2 1 2 0 0]
joker_max = 0 cannot afford
step.toofar = false step.pickn = 2

player 0's move: take 0 2 0 0 0 
Round 20
==============================================
Player 0's gem:   0 4 0 1 1 0 
Player 0's bonus: 2 0 0 1 0 
Player 0's reserve: 
----------------------------------------------
Remained Gem Tokens: 2 0 4 3 1 4 
20 [0 4 0 0 0][4 1] 21 [0 0 2 0 2][3 0] 26 [0 0 0 0 4][2 1] 28 [2 1 2 0 0][1 0] 
59 [0 0 0 3 5][1 2] 64 [0 0 0 5 3][2 2] 66 [0 2 1 0 4][1 2] 69 [0 0 0 0 6][1 3] 
83 [5 3 3 0 3][2 3] 84 [7 0 0 3 0][2 5] 87 [0 0 0 7 0][1 4] 89 [3 5 3 3 0][0 3] 
Score: 0 VS 0
----------------------------------------------
Player 1's gem:   2 0 0 0 2 0 
Player 1's bonus: 0 1 0 0 2 
Player 1's reserve: 52 [0 2 4 1 0][0 2] 86 [7 0 0 0 0][2 4] 
==============================================
player 1's move: buy 26
Round 21
==============================================
Player 0's gem:   0 4 0 1 1 0 
Player 0's bonus: 2 0 0 1 0 
Player 0's reserve: 
----------------------------------------------
Remained Gem Tokens: 2 0 4 3 3 4 
20 [0 4 0 0 0][4 1] 21 [0 0 2 0 2][3 0] 27 [0 1 1 2 1][1 0] 28 [2 1 2 0 0][1 0] 
59 [0 0 0 3 5][1 2] 64 [0 0 0 5 3][2 2] 66 [0 2 1 0 4][1 2] 69 [0 0 0 0 6][1 3] 
83 [5 3 3 0 3][2 3] 84 [7 0 0 3 0][2 5] 87 [0 0 0 7 0][1 4] 89 [3 5 3 3 0][0 3] 
Score: 0 VS 1
----------------------------------------------
Player 1's gem:   2 0 0 0 0 0 
Player 1's bonus: 0 1 1 0 2 
Player 1's reserve: 52 [0 2 4 1 0][0 2] 86 [7 0 0 0 0][2 4] 
==============================================
value = 10.35 [0 4 0 0 0]
player 0's move: buy 20
Round 22
==============================================
Player 0's gem:   0 0 0 1 1 0 
Player 0's bonus: 2 0 0 1 1 
Player 0's reserve: 
----------------------------------------------
Remained Gem Tokens: 2 4 4 3 3 4 
 6 [0 0 1 2 2][0 0] 21 [0 0 2 0 2][3 0] 27 [0 1 1 2 1][1 0] 28 [2 1 2 0 0][1 0] 
59 [0 0 0 3 5][1 2] 64 [0 0 0 5 3][2 2] 66 [0 2 1 0 4][1 2] 69 [0 0 0 0 6][1 3] 
83 [5 3 3 0 3][2 3] 84 [7 0 0 3 0][2 5] 87 [0 0 0 7 0][1 4] 89 [3 5 3 3 0][0 3] 
Score: 1 VS 1
----------------------------------------------
Player 1's gem:   2 0 0 0 0 0 
Player 1's bonus: 0 1 1 0 2 
Player 1's reserve: 52 [0 2 4 1 0][0 2] 86 [7 0 0 0 0][2 4] 
==============================================
player 1's move: take 0 0 1 1 1 
Round 23
==============================================
Player 0's gem:   0 0 0 1 1 0 
Player 0's bonus: 2 0 0 1 1 
Player 0's reserve: 
----------------------------------------------
Remained Gem Tokens: 2 4 3 2 2 4 
 6 [0 0 1 2 2][0 0] 21 [0 0 2 0 2][3 0] 27 [0 1 1 2 1][1 0] 28 [2 1 2 0 0][1 0] 
59 [0 0 0 3 5][1 2] 64 [0 0 0 5 3][2 2] 66 [0 2 1 0 4][1 2] 69 [0 0 0 0 6][1 3] 
83 [5 3 3 0 3][2 3] 84 [7 0 0 3 0][2 5] 87 [0 0 0 7 0][1 4] 89 [3 5 3 3 0][0 3] 
Score: 1 VS 1
----------------------------------------------
Player 1's gem:   2 0 1 1 1 0 
Player 1's bonus: 0 1 1 0 2 
Player 1's reserve: 52 [0 2 4 1 0][0 2] 86 [7 0 0 0 0][2 4] 
==============================================
value = 10.44 [0 0 2 0 2]
joker_max = 0 cannot afford
step.toofar = false step.pickn = 2

value = 9.22 [0 0 1 2 2]
joker_max = 0 cannot afford
step.toofar = false step.pickn = 3

value = 7.11 [0 1 1 2 1]
joker_max = 0 cannot afford
step.toofar = false step.pickn = 3

value = 6.93 [2 1 2 0 0]
joker_max = 0 cannot afford
step.toofar = false step.pickn = 3

player 0's move: take 0 0 2 0 0 
Round 24
==============================================
Player 0's gem:   0 0 2 1 1 0 
Player 0's bonus: 2 0 0 1 1 
Player 0's reserve: 
----------------------------------------------
Remained Gem Tokens: 2 4 1 2 2 4 
 6 [0 0 1 2 2][0 0] 21 [0 0 2 0 2][3 0] 27 [0 1 1 2 1][1 0] 28 [2 1 2 0 0][1 0] 
59 [0 0 0 3 5][1 2] 64 [0 0 0 5 3][2 2] 66 [0 2 1 0 4][1 2] 69 [0 0 0 0 6][1 3] 
83 [5 3 3 0 3][2 3] 84 [7 0 0 3 0][2 5] 87 [0 0 0 7 0][1 4] 89 [3 5 3 3 0][0 3] 
Score: 1 VS 1
----------------------------------------------
Player 1's gem:   2 0 1 1 1 0 
Player 1's bonus: 0 1 1 0 2 
Player 1's reserve: 52 [0 2 4 1 0][0 2] 86 [7 0 0 0 0][2 4] 
==============================================
player 1's move: buy 21
Round 25
==============================================
Player 0's gem:   0 0 2 1 1 0 
Player 0's bonus: 2 0 0 1 1 
Player 0's reserve: 
----------------------------------------------
Remained Gem Tokens: 2 4 2 2 2 4 
 3 [1 1 1 0 1][1 0]  6 [0 0 1 2 2][0 0] 27 [0 1 1 2 1][1 0] 28 [2 1 2 0 0][1 0] 
59 [0 0 0 3 5][1 2] 64 [0 0 0 5 3][2 2] 66 [0 2 1 0 4][1 2] 69 [0 0 0 0 6][1 3] 
83 [5 3 3 0 3][2 3] 84 [7 0 0 3 0][2 5] 87 [0 0 0 7 0][1 4] 89 [3 5 3 3 0][0 3] 
Score: 1 VS 1
----------------------------------------------
Player 1's gem:   2 0 0 1 1 0 
Player 1's bonus: 0 1 1 1 2 
Player 1's reserve: 52 [0 2 4 1 0][0 2] 86 [7 0 0 0 0][2 4] 
==============================================
value = 9.22 [0 0 1 2 2]
player 0's move: buy 6
Round 26
==============================================
Player 0's gem:   0 0 1 0 0 0 
Player 0's bonus: 3 0 0 1 1 
Player 0's reserve: 
----------------------------------------------
Remained Gem Tokens: 2 4 3 3 3 4 
 3 [1 1 1 0 1][1 0] 11 [1 2 0 0 2][2 0] 27 [0 1 1 2 1][1 0] 28 [2 1 2 0 0][1 0] 
59 [0 0 0 3 5][1 2] 64 [0 0 0 5 3][2 2] 66 [0 2 1 0 4][1 2] 69 [0 0 0 0 6][1 3] 
83 [5 3 3 0 3][2 3] 84 [7 0 0 3 0][2 5] 87 [0 0 0 7 0][1 4] 89 [3 5 3 3 0][0 3] 
Score: 1 VS 1
----------------------------------------------
Player 1's gem:   2 0 0 1 1 0 
Player 1's bonus: 0 1 1 1 2 
Player 1's reserve: 52 [0 2 4 1 0][0 2] 86 [7 0 0 0 0][2 4] 
==============================================
player 1's move: buy 27
Round 27
==============================================
Player 0's gem:   0 0 1 0 0 0 
Player 0's bonus: 3 0 0 1 1 
Player 0's reserve: 
----------------------------------------------
Remained Gem Tokens: 2 4 3 4 3 4 
 3 [1 1 1 0 1][1 0] 11 [1 2 0 0 2][2 0] 28 [2 1 2 0 0][1 0] 39 [0 0 0 3 0][0 0] 
59 [0 0 0 3 5][1 2] 64 [0 0 0 5 3][2 2] 66 [0 2 1 0 4][1 2] 69 [0 0 0 0 6][1 3] 
83 [5 3 3 0 3][2 3] 84 [7 0 0 3 0][2 5] 87 [0 0 0 7 0][1 4] 89 [3 5 3 3 0][0 3] 
Score: 1 VS 1
----------------------------------------------
Player 1's gem:   2 0 0 0 1 0 
Player 1's bonus: 0 2 1 1 2 
Player 1's reserve: 52 [0 2 4 1 0][0 2] 86 [7 0 0 0 0][2 4] 
==============================================
value = 10.66 [0 0 0 3 0]
joker_max = 0 cannot afford
step.toofar = false step.pickn = 2

value = 8.46 [1 2 0 0 2]
joker_max = 0 cannot afford
step.toofar = false step.pickn = 3

value = 8.19 [1 1 1 0 1]
joker_max = 0 cannot afford
step.toofar = false step.pickn = 3

value = 6.93 [2 1 2 0 0]
joker_max = 0 cannot afford
step.toofar = false step.pickn = 3

value = 6.88 [7 0 0 3 0]
joker_max = 0 cannot afford
step.toofar = false step.pickn = 3

player 0's move: take 0 0 0 2 0 
Round 28
==============================================
Player 0's gem:   0 0 1 2 0 0 
Player 0's bonus: 3 0 0 1 1 
Player 0's reserve: 
----------------------------------------------
Remained Gem Tokens: 2 4 3 2 3 4 
 3 [1 1 1 0 1][1 0] 11 [1 2 0 0 2][2 0] 28 [2 1 2 0 0][1 0] 39 [0 0 0 3 0][0 0] 
59 [0 0 0 3 5][1 2] 64 [0 0 0 5 3][2 2] 66 [0 2 1 0 4][1 2] 69 [0 0 0 0 6][1 3] 
83 [5 3 3 0 3][2 3] 84 [7 0 0 3 0][2 5] 87 [0 0 0 7 0][1 4] 89 [3 5 3 3 0][0 3] 
Score: 1 VS 1
----------------------------------------------
Player 1's gem:   2 0 0 0 1 0 
Player 1's bonus: 0 2 1 1 2 
Player 1's reserve: 52 [0 2 4 1 0][0 2] 86 [7 0 0 0 0][2 4] 
==============================================
player 1's move: buy 3
Round 29
==============================================
Player 0's gem:   0 0 1 2 0 0 
Player 0's bonus: 3 0 0 1 1 
Player 0's reserve: 
----------------------------------------------
Remained Gem Tokens: 3 4 3 2 3 4 
11 [1 2 0 0 2][2 0] 16 [2 0 0 0 2][1 0] 28 [2 1 2 0 0][1 0] 39 [0 0 0 3 0][0 0] 
59 [0 0 0 3 5][1 2] 64 [0 0 0 5 3][2 2] 66 [0 2 1 0 4][1 2] 69 [0 0 0 0 6][1 3] 
83 [5 3 3 0 3][2 3] 84 [7 0 0 3 0][2 5] 87 [0 0 0 7 0][1 4] 89 [3 5 3 3 0][0 3] 
Score: 1 VS 1
----------------------------------------------
Player 1's gem:   1 0 0 0 1 0 
Player 1's bonus: 0 3 1 1 2 
Player 1's reserve: 52 [0 2 4 1 0][0 2] 86 [7 0 0 0 0][2 4] 
==============================================
value = 10.66 [0 0 0 3 0]
player 0's move: buy 39
Round 30
==============================================
Player 0's gem:   0 0 1 0 0 0 
Player 0's bonus: 4 0 0 1 1 
Player 0's reserve: 
----------------------------------------------
Remained Gem Tokens: 3 4 3 4 3 4 
11 [1 2 0 0 2][2 0] 16 [2 0 0 0 2][1 0] 19 [0 2 1 1 1][4 0] 28 [2 1 2 0 0][1 0] 
59 [0 0 0 3 5][1 2] 64 [0 0 0 5 3][2 2] 66 [0 2 1 0 4][1 2] 69 [0 0 0 0 6][1 3] 
83 [5 3 3 0 3][2 3] 84 [7 0 0 3 0][2 5] 87 [0 0 0 7 0][1 4] 89 [3 5 3 3 0][0 3] 
Score: 1 VS 1
----------------------------------------------
Player 1's gem:   1 0 0 0 1 0 
Player 1's bonus: 0 3 1 1 2 
Player 1's reserve: 52 [0 2 4 1 0][0 2] 86 [7 0 0 0 0][2 4] 
==============================================
player 1's move: buy 19
Round 31
==============================================
Player 0's gem:   0 0 1 0 0 0 
Player 0's bonus: 4 0 0 1 1 
Player 0's reserve: 
----------------------------------------------
Remained Gem Tokens: 3 4 3 4 3 4 
11 [1 2 0 0 2][2 0] 16 [2 0 0 0 2][1 0] 23 [1 0 0 0 2][2 0] 28 [2 1 2 0 0][1 0] 
59 [0 0 0 3 5][1 2] 64 [0 0 0 5 3][2 2] 66 [0 2 1 0 4][1 2] 69 [0 0 0 0 6][1 3] 
83 [5 3 3 0 3][2 3] 84 [7 0 0 3 0][2 5] 87 [0 0 0 7 0][1 4] 89 [3 5 3 3 0][0 3] 
Score: 1 VS 1
----------------------------------------------
Player 1's gem:   1 0 0 0 1 0 
Player 1's bonus: 0 3 1 1 3 
Player 1's reserve: 52 [0 2 4 1 0][0 2] 86 [7 0 0 0 0][2 4] 
==============================================
value = 10.80 [1 0 0 0 2]
joker_max = 0 cannot afford
step.toofar = false step.pickn = 3

value = 10.08 [7 0 0 3 0]
joker_max = 0 cannot afford
step.toofar = false step.pickn = 3

value = 9.27 [2 0 0 0 2]
joker_max = 0 cannot afford
step.toofar = false step.pickn = 3

value = 8.46 [1 2 0 0 2]
joker_max = 0 cannot afford
step.toofar = false step.pickn = 3

value = 6.93 [2 1 2 0 0]
joker_max = 0 cannot afford
step.toofar = false step.pickn = 3

player 0's move: take 1 0 0 1 1 
Round 32
==============================================
Player 0's gem:   1 0 1 1 1 0 
Player 0's bonus: 4 0 0 1 1 
Player 0's reserve: 
----------------------------------------------
Remained Gem Tokens: 2 4 3 3 2 4 
11 [1 2 0 0 2][2 0] 16 [2 0 0 0 2][1 0] 23 [1 0 0 0 2][2 0] 28 [2 1 2 0 0][1 0] 
59 [0 0 0 3 5][1 2] 64 [0 0 0 5 3][2 2] 66 [0 2 1 0 4][1 2] 69 [0 0 0 0 6][1 3] 
83 [5 3 3 0 3][2 3] 84 [7 0 0 3 0][2 5] 87 [0 0 0 7 0][1 4] 89 [3 5 3 3 0][0 3] 
Score: 1 VS 1
----------------------------------------------
Player 1's gem:   1 0 0 0 1 0 
Player 1's bonus: 0 3 1 1 3 
Player 1's reserve: 52 [0 2 4 1 0][0 2] 86 [7 0 0 0 0][2 4] 
==============================================
player 1's move: buy 66
Round 33
==============================================
Player 0's gem:   1 0 1 1 1 0 
Player 0's bonus: 4 0 0 1 1 
Player 0's reserve: 
----------------------------------------------
Remained Gem Tokens: 2 4 3 3 3 4 
11 [1 2 0 0 2][2 0] 16 [2 0 0 0 2][1 0] 23 [1 0 0 0 2][2 0] 28 [2 1 2 0 0][1 0] 
50 [5 0 0 3 0][4 2] 59 [0 0 0 3 5][1 2] 64 [0 0 0 5 3][2 2] 69 [0 0 0 0 6][1 3] 
83 [5 3 3 0 3][2 3] 84 [7 0 0 3 0][2 5] 87 [0 0 0 7 0][1 4] 89 [3 5 3 3 0][0 3] 
Score: 1 VS 3
----------------------------------------------
Player 1's gem:   1 0 0 0 0 0 
Player 1's bonus: 0 4 1 1 3 
Player 1's reserve: 52 [0 2 4 1 0][0 2] 86 [7 0 0 0 0][2 4] 
==============================================
value = 14.00 [5 0 0 3 0]
joker_max = 0 cannot afford
player 0's move: reserve 50
Round 34
==============================================
Player 0's gem:   1 0 1 1 1 1 
Player 0's bonus: 4 0 0 1 1 
Player 0's reserve: 50 [5 0 0 3 0][4 2] 
----------------------------------------------
Remained Gem Tokens: 2 4 3 3 3 3 
11 [1 2 0 0 2][2 0] 16 [2 0 0 0 2][1 0] 23 [1 0 0 0 2][2 0] 28 [2 1 2 0 0][1 0] 
47 [0 2 3 0 2][0 1] 59 [0 0 0 3 5][1 2] 64 [0 0 0 5 3][2 2] 69 [0 0 0 0 6][1 3] 
83 [5 3 3 0 3][2 3] 84 [7 0 0 3 0][2 5] 87 [0 0 0 7 0][1 4] 89 [3 5 3 3 0][0 3] 
Score: 1 VS 3
----------------------------------------------
Player 1's gem:   1 0 0 0 0 0 
Player 1's bonus: 0 4 1 1 3 
Player 1's reserve: 52 [0 2 4 1 0][0 2] 86 [7 0 0 0 0][2 4] 
==============================================
player 1's move: take 0 1 0 1 1 
Round 35
==============================================
Player 0's gem:   1 0 1 1 1 1 
Player 0's bonus: 4 0 0 1 1 
Player 0's reserve: 50 [5 0 0 3 0][4 2] 
----------------------------------------------
Remained Gem Tokens: 2 3 3 2 2 3 
11 [1 2 0 0 2][2 0] 16 [2 0 0 0 2][1 0] 23 [1 0 0 0 2][2 0] 28 [2 1 2 0 0][1 0] 
47 [0 2 3 0 2][0 1] 59 [0 0 0 3 5][1 2] 64 [0 0 0 5 3][2 2] 69 [0 0 0 0 6][1 3] 
83 [5 3 3 0 3][2 3] 84 [7 0 0 3 0][2 5] 87 [0 0 0 7 0][1 4] 89 [3 5 3 3 0][0 3] 
Score: 1 VS 3
----------------------------------------------
Player 1's gem:   1 1 0 1 1 0 
Player 1's bonus: 0 4 1 1 3 
Player 1's reserve: 52 [0 2 4 1 0][0 2] 86 [7 0 0 0 0][2 4] 
==============================================
value = 10.80 [1 0 0 0 2]
player 0's move: buy 23
Round 36
==============================================
Player 0's gem:   1 0 1 1 0 1 
Player 0's bonus: 4 0 1 1 1 
Player 0's reserve: 50 [5 0 0 3 0][4 2] 
----------------------------------------------
Remained Gem Tokens: 2 3 3 2 3 3 
11 [1 2 0 0 2][2 0] 16 [2 0 0 0 2][1 0] 22 [1 1 1 1 0][3 0] 28 [2 1 2 0 0][1 0] 
47 [0 2 3 0 2][0 1] 59 [0 0 0 3 5][1 2] 64 [0 0 0 5 3][2 2] 69 [0 0 0 0 6][1 3] 
83 [5 3 3 0 3][2 3] 84 [7 0 0 3 0][2 5] 87 [0 0 0 7 0][1 4] 89 [3 5 3 3 0][0 3] 
Score: 1 VS 3
----------------------------------------------
Player 1's gem:   1 1 0 1 1 0 
Player 1's bonus: 0 4 1 1 3 
Player 1's reserve: 52 [0 2 4 1 0][0 2] 86 [7 0 0 0 0][2 4] 
==============================================
player 1's move: reserve 84
Round 37
==============================================
Player 0's gem:   1 0 1 1 0 1 
Player 0's bonus: 4 0 1 1 1 
Player 0's reserve: 50 [5 0 0 3 0][4 2] 
----------------------------------------------
Remained Gem Tokens: 2 3 3 2 3 2 
11 [1 2 0 0 2][2 0] 16 [2 0 0 0 2][1 0] 22 [1 1 1 1 0][3 0] 28 [2 1 2 0 0][1 0] 
47 [0 2 3 0 2][0 1] 59 [0 0 0 3 5][1 2] 64 [0 0 0 5 3][2 2] 69 [0 0 0 0 6][1 3] 
74 [0 7 0 0 0][0 4] 83 [5 3 3 0 3][2 3] 87 [0 0 0 7 0][1 4] 89 [3 5 3 3 0][0 3] 
Score: 1 VS 3
----------------------------------------------
Player 1's gem:   1 1 0 1 1 1 
Player 1's bonus: 0 4 1 1 3 
Player 1's reserve: 52 [0 2 4 1 0][0 2] 84 [7 0 0 3 0][2 5] 86 [7 0 0 0 0][2 4] 
==============================================
value = 12.78 [1 1 1 1 0]
joker_max = 0 cannot afford
step.toofar = false step.pickn = 3

value = 11.28 [1 1 1 1 0]
player 0's move: buy 22
Round 38
==============================================
Player 0's gem:   1 0 1 1 0 0 
Player 0's bonus: 4 0 1 2 1 
Player 0's reserve: 50 [5 0 0 3 0][4 2] 
----------------------------------------------
Remained Gem Tokens: 2 3 3 2 3 3 
11 [1 2 0 0 2][2 0] 16 [2 0 0 0 2][1 0] 28 [2 1 2 0 0][1 0] 30 [2 2 0 0 0][4 0] 
47 [0 2 3 0 2][0 1] 59 [0 0 0 3 5][1 2] 64 [0 0 0 5 3][2 2] 69 [0 0 0 0 6][1 3] 
74 [0 7 0 0 0][0 4] 83 [5 3 3 0 3][2 3] 87 [0 0 0 7 0][1 4] 89 [3 5 3 3 0][0 3] 
Score: 1 VS 3
----------------------------------------------
Player 1's gem:   1 1 0 1 1 1 
Player 1's bonus: 0 4 1 1 3 
Player 1's reserve: 52 [0 2 4 1 0][0 2] 84 [7 0 0 3 0][2 5] 86 [7 0 0 0 0][2 4] 
==============================================
player 1's move: take 0 1 0 1 1 
Round 39
==============================================
Player 0's gem:   1 0 1 1 0 0 
Player 0's bonus: 4 0 1 2 1 
Player 0's reserve: 50 [5 0 0 3 0][4 2] 
----------------------------------------------
Remained Gem Tokens: 2 2 3 1 2 3 
11 [1 2 0 0 2][2 0] 16 [2 0 0 0 2][1 0] 28 [2 1 2 0 0][1 0] 30 [2 2 0 0 0][4 0] 
47 [0 2 3 0 2][0 1] 59 [0 0 0 3 5][1 2] 64 [0 0 0 5 3][2 2] 69 [0 0 0 0 6][1 3] 
74 [0 7 0 0 0][0 4] 83 [5 3 3 0 3][2 3] 87 [0 0 0 7 0][1 4] 89 [3 5 3 3 0][0 3] 
Score: 1 VS 3
----------------------------------------------
Player 1's gem:   1 2 0 2 2 1 
Player 1's bonus: 0 4 1 1 3 
Player 1's reserve: 52 [0 2 4 1 0][0 2] 84 [7 0 0 3 0][2 5] 86 [7 0 0 0 0][2 4] 
==============================================
value = 13.68 [2 2 0 0 0]
joker_max = 0 cannot afford
step.toofar = false step.pickn = 2

value = 9.27 [2 0 0 0 2]
joker_max = 0 cannot afford
step.toofar = false step.pickn = 3

value = 8.46 [1 2 0 0 2]
joker_max = 0 cannot afford
step.toofar = false step.pickn = 3

value = 8.19 [2 1 2 0 0]
joker_max = 0 cannot afford
step.toofar = false step.pickn = 3

[5 0 0 3 0]
player 0's move: buy 50
Round 40
==============================================
Player 0's gem:   0 0 1 0 0 0 
Player 0's bonus: 4 0 1 2 2 
Player 0's reserve: 
----------------------------------------------
Remained Gem Tokens: 3 2 3 2 2 3 
11 [1 2 0 0 2][2 0] 16 [2 0 0 0 2][1 0] 28 [2 1 2 0 0][1 0] 30 [2 2 0 0 0][4 0] 
47 [0 2 3 0 2][0 1] 59 [0 0 0 3 5][1 2] 64 [0 0 0 5 3][2 2] 69 [0 0 0 0 6][1 3] 
74 [0 7 0 0 0][0 4] 83 [5 3 3 0 3][2 3] 87 [0 0 0 7 0][1 4] 89 [3 5 3 3 0][0 3] 
Score: 3 VS 3
----------------------------------------------
Player 1's gem:   1 2 0 2 2 1 
Player 1's bonus: 0 4 1 1 3 
Player 1's reserve: 52 [0 2 4 1 0][0 2] 84 [7 0 0 3 0][2 5] 86 [7 0 0 0 0][2 4] 
==============================================
player 1's move: buy 74
Round 41
==============================================
Player 0's gem:   0 0 1 0 0 0 
Player 0's bonus: 4 0 1 2 2 
Player 0's reserve: 
----------------------------------------------
Remained Gem Tokens: 3 4 3 2 2 4 
11 [1 2 0 0 2][2 0] 16 [2 0 0 0 2][1 0] 28 [2 1 2 0 0][1 0] 30 [2 2 0 0 0][4 0] 
47 [0 2 3 0 2][0 1] 59 [0 0 0 3 5][1 2] 64 [0 0 0 5 3][2 2] 69 [0 0 0 0 6][1 3] 
77 [0 0 7 0 0][4 4] 83 [5 3 3 0 3][2 3] 87 [0 0 0 7 0][1 4] 89 [3 5 3 3 0][0 3] 
Score: 3 VS 7
----------------------------------------------
Player 1's gem:   1 0 0 2 2 0 
Player 1's bonus: 1 4 1 1 3 
Player 1's reserve: 52 [0 2 4 1 0][0 2] 84 [7 0 0 3 0][2 5] 86 [7 0 0 0 0][2 4] 
==============================================
value = 13.68 [2 2 0 0 0]
joker_max = 0 cannot afford
step.toofar = false step.pickn = 2

value = 10.35 [2 0 0 0 2]
player 0's move: buy 16
Round 42
==============================================
Player 0's gem:   0 0 1 0 0 0 
Player 0's bonus: 4 1 1 2 2 
Player 0's reserve: 
----------------------------------------------
Remained Gem Tokens: 3 4 3 2 2 4 
11 [1 2 0 0 2][2 0] 28 [2 1 2 0 0][1 0] 30 [2 2 0 0 0][4 0] 35 [0 3 0 0 0][4 0] 
47 [0 2 3 0 2][0 1] 59 [0 0 0 3 5][1 2] 64 [0 0 0 5 3][2 2] 69 [0 0 0 0 6][1 3] 
77 [0 0 7 0 0][4 4] 83 [5 3 3 0 3][2 3] 87 [0 0 0 7 0][1 4] 89 [3 5 3 3 0][0 3] 
Score: 3 VS 7
----------------------------------------------
Player 1's gem:   1 0 0 2 2 0 
Player 1's bonus: 1 4 1 1 3 
Player 1's reserve: 52 [0 2 4 1 0][0 2] 84 [7 0 0 3 0][2 5] 86 [7 0 0 0 0][2 4] 
==============================================
player 1's move: buy 30
Round 43
==============================================
Player 0's gem:   0 0 1 0 0 0 
Player 0's bonus: 4 1 1 2 2 
Player 0's reserve: 
----------------------------------------------
Remained Gem Tokens: 4 4 3 2 2 4 
11 [1 2 0 0 2][2 0] 14 [0 0 2 2 0][0 0] 28 [2 1 2 0 0][1 0] 35 [0 3 0 0 0][4 0] 
47 [0 2 3 0 2][0 1] 59 [0 0 0 3 5][1 2] 64 [0 0 0 5 3][2 2] 69 [0 0 0 0 6][1 3] 
77 [0 0 7 0 0][4 4] 83 [5 3 3 0 3][2 3] 87 [0 0 0 7 0][1 4] 89 [3 5 3 3 0][0 3] 
Score: 3 VS 7
----------------------------------------------
Player 1's gem:   0 0 0 2 2 0 
Player 1's bonus: 1 4 1 1 4 
Player 1's reserve: 52 [0 2 4 1 0][0 2] 84 [7 0 0 3 0][2 5] 86 [7 0 0 0 0][2 4] 
==============================================
value = 13.68 [0 3 0 0 0]
joker_max = 0 cannot afford
step.toofar = false step.pickn = 2

value = 12.67 [0 0 2 2 0]
player 0's move: buy 14
Round 44
==============================================
Player 0's gem:   0 0 0 0 0 0 
Player 0's bonus: 5 1 1 2 2 
Player 0's reserve: 
----------------------------------------------
Remained Gem Tokens: 4 4 4 2 2 4 
 9 [2 0 2 1 0][3 0] 11 [1 2 0 0 2][2 0] 28 [2 1 2 0 0][1 0] 35 [0 3 0 0 0][4 0] 
47 [0 2 3 0 2][0 1] 59 [0 0 0 3 5][1 2] 64 [0 0 0 5 3][2 2] 69 [0 0 0 0 6][1 3] 
77 [0 0 7 0 0][4 4] 83 [5 3 3 0 3][2 3] 87 [0 0 0 7 0][1 4] 89 [3 5 3 3 0][0 3] 
Score: 3 VS 7
----------------------------------------------
Player 1's gem:   0 0 0 2 2 0 
Player 1's bonus: 1 4 1 1 4 
Player 1's reserve: 52 [0 2 4 1 0][0 2] 84 [7 0 0 3 0][2 5] 86 [7 0 0 0 0][2 4] 
==============================================
player 1's move: buy 69
Round 45
==============================================
Player 0's gem:   0 0 0 0 0 0 
Player 0's bonus: 5 1 1 2 2 
Player 0's reserve: 
----------------------------------------------
Remained Gem Tokens: 4 4 4 2 4 4 
 9 [2 0 2 1 0][3 0] 11 [1 2 0 0 2][2 0] 28 [2 1 2 0 0][1 0] 35 [0 3 0 0 0][4 0] 
47 [0 2 3 0 2][0 1] 53 [0 3 2 3 0][3 1] 59 [0 0 0 3 5][1 2] 64 [0 0 0 5 3][2 2] 
77 [0 0 7 0 0][4 4] 83 [5 3 3 0 3][2 3] 87 [0 0 0 7 0][1 4] 89 [3 5 3 3 0][0 3] 
Score: 3 VS 10
----------------------------------------------
Player 1's gem:   0 0 0 2 0 0 
Player 1's bonus: 1 5 1 1 4 
Player 1's reserve: 52 [0 2 4 1 0][0 2] 84 [7 0 0 3 0][2 5] 86 [7 0 0 0 0][2 4] 
==============================================
value = 13.68 [0 3 0 0 0]
joker_max = 0 cannot afford
step.toofar = false step.pickn = 2

value = 12.78 [2 0 2 1 0]
joker_max = 0 cannot afford
step.toofar = false step.pickn = 3

value = 10.88 [5 3 3 0 3]
joker_max = 0 cannot afford
step.toofar = false step.pickn = 3

value = 10.80 [1 2 0 0 2]
joker_max = 0 cannot afford
step.toofar = false step.pickn = 3

value = 10.40 [0 3 2 3 0]
joker_max = 0 cannot afford
step.toofar = false step.pickn = 3

value = 9.92 [0 2 3 0 2]
joker_max = 0 cannot afford
step.toofar = false step.pickn = 3

value = 9.27 [2 1 2 0 0]
joker_max = 0 cannot afford
step.toofar = false step.pickn = 3

value = 7.70 [0 0 0 5 3]
joker_max = 0 cannot afford
step.toofar = false step.pickn = 3

value = 6.60 [0 0 7 0 0]
joker_max = 0 cannot afford
step.toofar = true step.pickn = 0

player 0's move: take 0 2 0 0 0 
Round 46
==============================================
Player 0's gem:   0 2 0 0 0 0 
Player 0's bonus: 5 1 1 2 2 
Player 0's reserve: 
----------------------------------------------
Remained Gem Tokens: 4 2 4 2 4 4 
 9 [2 0 2 1 0][3 0] 11 [1 2 0 0 2][2 0] 28 [2 1 2 0 0][1 0] 35 [0 3 0 0 0][4 0] 
47 [0 2 3 0 2][0 1] 53 [0 3 2 3 0][3 1] 59 [0 0 0 3 5][1 2] 64 [0 0 0 5 3][2 2] 
77 [0 0 7 0 0][4 4] 83 [5 3 3 0 3][2 3] 87 [0 0 0 7 0][1 4] 89 [3 5 3 3 0][0 3] 
Score: 3 VS 10
----------------------------------------------
Player 1's gem:   0 0 0 2 0 0 
Player 1's bonus: 1 5 1 1 4 
Player 1's reserve: 52 [0 2 4 1 0][0 2] 84 [7 0 0 3 0][2 5] 86 [7 0 0 0 0][2 4] 
==============================================
player 1's move: buy 35
Round 47
==============================================
Player 0's gem:   0 2 0 0 0 0 
Player 0's bonus: 5 1 1 2 2 
Player 0's reserve: 
----------------------------------------------
Remained Gem Tokens: 4 2 4 2 4 4 
 5 [0 0 4 0 0][3 1]  9 [2 0 2 1 0][3 0] 11 [1 2 0 0 2][2 0] 28 [2 1 2 0 0][1 0] 
47 [0 2 3 0 2][0 1] 53 [0 3 2 3 0][3 1] 59 [0 0 0 3 5][1 2] 64 [0 0 0 5 3][2 2] 
77 [0 0 7 0 0][4 4] 83 [5 3 3 0 3][2 3] 87 [0 0 0 7 0][1 4] 89 [3 5 3 3 0][0 3] 
Score: 3 VS 10
----------------------------------------------
Player 1's gem:   0 0 0 2 0 0 
Player 1's bonus: 1 5 1 1 5 
Player 1's reserve: 52 [0 2 4 1 0][0 2] 84 [7 0 0 3 0][2 5] 86 [7 0 0 0 0][2 4] 
==============================================
value = 12.78 [2 0 2 1 0]
joker_max = 0 cannot afford
step.toofar = false step.pickn = 3

value = 10.88 [5 3 3 0 3]
joker_max = 0 cannot afford
step.toofar = false step.pickn = 3

value = 10.80 [1 2 0 0 2]
player 0's move: buy 11
Round 48
==============================================
Player 0's gem:   0 1 0 0 0 0 
Player 0's bonus: 5 1 2 2 2 
Player 0's reserve: 
----------------------------------------------
Remained Gem Tokens: 4 3 4 2 4 4 
 5 [0 0 4 0 0][3 1]  9 [2 0 2 1 0][3 0] 28 [2 1 2 0 0][1 0] 38 [0 0 3 0 0][3 0] 
47 [0 2 3 0 2][0 1] 53 [0 3 2 3 0][3 1] 59 [0 0 0 3 5][1 2] 64 [0 0 0 5 3][2 2] 
77 [0 0 7 0 0][4 4] 83 [5 3 3 0 3][2 3] 87 [0 0 0 7 0][1 4] 89 [3 5 3 3 0][0 3] 
Score: 3 VS 10
----------------------------------------------
Player 1's gem:   0 0 0 2 0 0 
Player 1's bonus: 1 5 1 1 5 
Player 1's reserve: 52 [0 2 4 1 0][0 2] 84 [7 0 0 3 0][2 5] 86 [7 0 0 0 0][2 4] 
==============================================
player 1's move: buy 59
Round 49
==============================================
Player 0's gem:   0 1 0 0 0 0 
Player 0's bonus: 5 1 2 2 2 
Player 0's reserve: 
----------------------------------------------
Remained Gem Tokens: 4 3 4 4 4 4 
 5 [0 0 4 0 0][3 1]  9 [2 0 2 1 0][3 0] 28 [2 1 2 0 0][1 0] 38 [0 0 3 0 0][3 0] 
45 [2 0 0 3 3][1 1] 47 [0 2 3 0 2][0 1] 53 [0 3 2 3 0][3 1] 64 [0 0 0 5 3][2 2] 
77 [0 0 7 0 0][4 4] 83 [5 3 3 0 3][2 3] 87 [0 0 0 7 0][1 4] 89 [3 5 3 3 0][0 3] 
Score: 3 VS 12
----------------------------------------------
Player 1's gem:   0 0 0 0 0 0 
Player 1's bonus: 1 6 1 1 5 
Player 1's reserve: 52 [0 2 4 1 0][0 2] 84 [7 0 0 3 0][2 5] 86 [7 0 0 0 0][2 4] 
==============================================
value = 13.86 [2 0 2 1 0]
player 0's move: buy 9
Round 50
==============================================
Player 0's gem:   0 1 0 0 0 0 
Player 0's bonus: 5 1 2 3 2 
Player 0's reserve: 
----------------------------------------------
Remained Gem Tokens: 4 3 4 4 4 4 
 5 [0 0 4 0 0][3 1] 18 [3 0 0 0 0][1 0] 28 [2 1 2 0 0][1 0] 38 [0 0 3 0 0][3 0] 
45 [2 0 0 3 3][1 1] 47 [0 2 3 0 2][0 1] 53 [0 3 2 3 0][3 1] 64 [0 0 0 5 3][2 2] 
77 [0 0 7 0 0][4 4] 83 [5 3 3 0 3][2 3] 87 [0 0 0 7 0][1 4] 89 [3 5 3 3 0][0 3] 
Score: 3 VS 12
----------------------------------------------
Player 1's gem:   0 0 0 0 0 0 
Player 1's bonus: 1 6 1 1 5 
Player 1's reserve: 52 [0 2 4 1 0][0 2] 84 [7 0 0 3 0][2 5] 86 [7 0 0 0 0][2 4] 
==============================================
player 1's move: take 0 0 2 0 0 
Round 51
==============================================
Player 0's gem:   0 1 0 0 0 0 
Player 0's bonus: 5 1 2 3 2 
Player 0's reserve: 
----------------------------------------------
Remained Gem Tokens: 4 3 2 4 4 4 
 5 [0 0 4 0 0][3 1] 18 [3 0 0 0 0][1 0] 28 [2 1 2 0 0][1 0] 38 [0 0 3 0 0][3 0] 
45 [2 0 0 3 3][1 1] 47 [0 2 3 0 2][0 1] 53 [0 3 2 3 0][3 1] 64 [0 0 0 5 3][2 2] 
77 [0 0 7 0 0][4 4] 83 [5 3 3 0 3][2 3] 87 [0 0 0 7 0][1 4] 89 [3 5 3 3 0][0 3] 
Score: 3 VS 12
----------------------------------------------
Player 1's gem:   0 0 2 0 0 0 
Player 1's bonus: 1 6 1 1 5 
Player 1's reserve: 52 [0 2 4 1 0][0 2] 84 [7 0 0 3 0][2 5] 86 [7 0 0 0 0][2 4] 
==============================================
value = 13.12 [5 3 3 0 3]
joker_max = 0 cannot afford
player 0's move: reserve 83
Round 52
==============================================
Player 0's gem:   0 1 0 0 0 1 
Player 0's bonus: 5 1 2 3 2 
Player 0's reserve: 83 [5 3 3 0 3][2 3] 
----------------------------------------------
Remained Gem Tokens: 4 3 2 4 4 3 
 5 [0 0 4 0 0][3 1] 18 [3 0 0 0 0][1 0] 28 [2 1 2 0 0][1 0] 38 [0 0 3 0 0][3 0] 
45 [2 0 0 3 3][1 1] 47 [0 2 3 0 2][0 1] 53 [0 3 2 3 0][3 1] 64 [0 0 0 5 3][2 2] 
77 [0 0 7 0 0][4 4] 81 [0 3 0 0 7][3 5] 87 [0 0 0 7 0][1 4] 89 [3 5 3 3 0][0 3] 
Score: 3 VS 12
----------------------------------------------
Player 1's gem:   0 0 2 0 0 0 
Player 1's bonus: 1 6 1 1 5 
Player 1's reserve: 52 [0 2 4 1 0][0 2] 84 [7 0 0 3 0][2 5] 86 [7 0 0 0 0][2 4] 
==============================================
player 1's move: take 1 0 1 0 1 
Round 53
==============================================
Player 0's gem:   0 1 0 0 0 1 
Player 0's bonus: 5 1 2 3 2 
Player 0's reserve: 83 [5 3 3 0 3][2 3] 
----------------------------------------------
Remained Gem Tokens: 3 3 1 4 3 3 
 5 [0 0 4 0 0][3 1] 18 [3 0 0 0 0][1 0] 28 [2 1 2 0 0][1 0] 38 [0 0 3 0 0][3 0] 
45 [2 0 0 3 3][1 1] 47 [0 2 3 0 2][0 1] 53 [0 3 2 3 0][3 1] 64 [0 0 0 5 3][2 2] 
77 [0 0 7 0 0][4 4] 81 [0 3 0 0 7][3 5] 87 [0 0 0 7 0][1 4] 89 [3 5 3 3 0][0 3] 
Score: 3 VS 12
----------------------------------------------
Player 1's gem:   1 0 3 0 1 0 
Player 1's bonus: 1 6 1 1 5 
Player 1's reserve: 52 [0 2 4 1 0][0 2] 84 [7 0 0 3 0][2 5] 86 [7 0 0 0 0][2 4] 
==============================================
value = 12.80 [0 3 2 3 0]
joker_max = 0 cannot afford
player 0's move: reserve 53
Round 54
==============================================
Player 0's gem:   0 1 0 0 0 2 
Player 0's bonus: 5 1 2 3 2 
Player 0's reserve: 53 [0 3 2 3 0][3 1] 83 [5 3 3 0 3][2 3] 
----------------------------------------------
Remained Gem Tokens: 3 3 1 4 3 2 
 5 [0 0 4 0 0][3 1] 18 [3 0 0 0 0][1 0] 28 [2 1 2 0 0][1 0] 38 [0 0 3 0 0][3 0] 
45 [2 0 0 3 3][1 1] 47 [0 2 3 0 2][0 1] 64 [0 0 0 5 3][2 2] 68 [3 0 0 3 2][2 1] 
77 [0 0 7 0 0][4 4] 81 [0 3 0 0 7][3 5] 87 [0 0 0 7 0][1 4] 89 [3 5 3 3 0][0 3] 
Score: 3 VS 12
----------------------------------------------
Player 1's gem:   1 0 3 0 1 0 
Player 1's bonus: 1 6 1 1 5 
Player 1's reserve: 52 [0 2 4 1 0][0 2] 84 [7 0 0 3 0][2 5] 86 [7 0 0 0 0][2 4] 
==============================================
player 1's move: buy 52
Round 55
==============================================
Player 0's gem:   0 1 0 0 0 2 
Player 0's bonus: 5 1 2 3 2 
Player 0's reserve: 53 [0 3 2 3 0][3 1] 83 [5 3 3 0 3][2 3] 
----------------------------------------------
Remained Gem Tokens: 3 3 4 4 3 2 
 5 [0 0 4 0 0][3 1] 18 [3 0 0 0 0][1 0] 28 [2 1 2 0 0][1 0] 38 [0 0 3 0 0][3 0] 
45 [2 0 0 3 3][1 1] 47 [0 2 3 0 2][0 1] 64 [0 0 0 5 3][2 2] 68 [3 0 0 3 2][2 1] 
77 [0 0 7 0 0][4 4] 81 [0 3 0 0 7][3 5] 87 [0 0 0 7 0][1 4] 89 [3 5 3 3 0][0 3] 
Score: 3 VS 14
----------------------------------------------
Player 1's gem:   1 0 0 0 1 0 
Player 1's bonus: 2 6 1 1 5 
Player 1's reserve: 84 [7 0 0 3 0][2 5] 86 [7 0 0 0 0][2 4] 
==============================================
value = 13.20 [3 0 0 3 2]
player 0's move: buy 68
Round 56
==============================================
Player 0's gem:   0 1 0 0 0 2 
Player 0's bonus: 5 1 3 3 2 
Player 0's reserve: 53 [0 3 2 3 0][3 1] 83 [5 3 3 0 3][2 3] 
----------------------------------------------
Remained Gem Tokens: 3 3 4 4 3 2 
 5 [0 0 4 0 0][3 1] 18 [3 0 0 0 0][1 0] 28 [2 1 2 0 0][1 0] 38 [0 0 3 0 0][3 0] 
43 [6 0 0 0 0][4 3] 45 [2 0 0 3 3][1 1] 47 [0 2 3 0 2][0 1] 64 [0 0 0 5 3][2 2] 
77 [0 0 7 0 0][4 4] 81 [0 3 0 0 7][3 5] 87 [0 0 0 7 0][1 4] 89 [3 5 3 3 0][0 3] 
Score: 4 VS 14
----------------------------------------------
Player 1's gem:   1 0 0 0 1 0 
Player 1's bonus: 2 6 1 1 5 
Player 1's reserve: 84 [7 0 0 3 0][2 5] 86 [7 0 0 0 0][2 4] 
==============================================
player 1's move: buy 18
Round 57
==============================================
Player 0's gem:   0 1 0 0 0 2 
Player 0's bonus: 5 1 3 3 2 
Player 0's reserve: 53 [0 3 2 3 0][3 1] 83 [5 3 3 0 3][2 3] 
----------------------------------------------
Remained Gem Tokens: 4 3 4 4 3 2 
 4 [1 1 2 1 0][3 0]  5 [0 0 4 0 0][3 1] 28 [2 1 2 0 0][1 0] 38 [0 0 3 0 0][3 0] 
43 [6 0 0 0 0][4 3] 45 [2 0 0 3 3][1 1] 47 [0 2 3 0 2][0 1] 64 [0 0 0 5 3][2 2] 
77 [0 0 7 0 0][4 4] 81 [0 3 0 0 7][3 5] 87 [0 0 0 7 0][1 4] 89 [3 5 3 3 0][0 3] 
Score: 4 VS 14
----------------------------------------------
Player 1's gem:   0 0 0 0 1 0 
Player 1's bonus: 2 7 1 1 5 
Player 1's reserve: 84 [7 0 0 3 0][2 5] 86 [7 0 0 0 0][2 4] 
==============================================
value = 16.60 [6 0 0 0 0]
joker_max = 0 cannot afford
player 0's move: reserve 43
Round 58
==============================================
Player 0's gem:   0 1 0 0 0 3 
Player 0's bonus: 5 1 3 3 2 
Player 0's reserve: 43 [6 0 0 0 0][4 3] 53 [0 3 2 3 0][3 1] 83 [5 3 3 0 3][2 3] 
----------------------------------------------
Remained Gem Tokens: 4 3 4 4 3 1 
 4 [1 1 2 1 0][3 0]  5 [0 0 4 0 0][3 1] 28 [2 1 2 0 0][1 0] 38 [0 0 3 0 0][3 0] 
45 [2 0 0 3 3][1 1] 47 [0 2 3 0 2][0 1] 58 [0 6 0 0 0][3 3] 64 [0 0 0 5 3][2 2] 
77 [0 0 7 0 0][4 4] 81 [0 3 0 0 7][3 5] 87 [0 0 0 7 0][1 4] 89 [3 5 3 3 0][0 3] 
Score: 4 VS 14
----------------------------------------------
Player 1's gem:   0 0 0 0 1 0 
Player 1's bonus: 2 7 1 1 5 
Player 1's reserve: 84 [7 0 0 3 0][2 5] 86 [7 0 0 0 0][2 4] 
==============================================
player 1's move: take 1 0 0 1 1 
Round 59
==============================================
Player 0's gem:   0 1 0 0 0 3 
Player 0's bonus: 5 1 3 3 2 
Player 0's reserve: 43 [6 0 0 0 0][4 3] 53 [0 3 2 3 0][3 1] 83 [5 3 3 0 3][2 3] 
----------------------------------------------
Remained Gem Tokens: 3 3 4 3 2 1 
 4 [1 1 2 1 0][3 0]  5 [0 0 4 0 0][3 1] 28 [2 1 2 0 0][1 0] 38 [0 0 3 0 0][3 0] 
45 [2 0 0 3 3][1 1] 47 [0 2 3 0 2][0 1] 58 [0 6 0 0 0][3 3] 64 [0 0 0 5 3][2 2] 
77 [0 0 7 0 0][4 4] 81 [0 3 0 0 7][3 5] 87 [0 0 0 7 0][1 4] 89 [3 5 3 3 0][0 3] 
Score: 4 VS 14
----------------------------------------------
Player 1's gem:   1 0 0 1 2 0 
Player 1's bonus: 2 7 1 1 5 
Player 1's reserve: 84 [7 0 0 3 0][2 5] 86 [7 0 0 0 0][2 4] 
==============================================
value = 14.08 [0 2 3 0 2]
player 0's move: buy 47
Round 60
==============================================
Player 0's gem:   0 0 0 0 0 3 
Player 0's bonus: 6 1 3 3 2 
Player 0's reserve: 43 [6 0 0 0 0][4 3] 53 [0 3 2 3 0][3 1] 83 [5 3 3 0 3][2 3] 
----------------------------------------------
Remained Gem Tokens: 3 4 4 3 2 1 
 4 [1 1 2 1 0][3 0]  5 [0 0 4 0 0][3 1] 28 [2 1 2 0 0][1 0] 38 [0 0 3 0 0][3 0] 
45 [2 0 0 3 3][1 1] 48 [0 0 6 0 0][0 3] 58 [0 6 0 0 0][3 3] 64 [0 0 0 5 3][2 2] 
77 [0 0 7 0 0][4 4] 81 [0 3 0 0 7][3 5] 87 [0 0 0 7 0][1 4] 89 [3 5 3 3 0][0 3] 
Score: 5 VS 14
----------------------------------------------
Player 1's gem:   1 0 0 1 2 0 
Player 1's bonus: 2 7 1 1 5 
Player 1's reserve: 84 [7 0 0 3 0][2 5] 86 [7 0 0 0 0][2 4] 
==============================================
player 1's move: take 1 0 1 1 0 
Round 61
==============================================
Player 0's gem:   0 0 0 0 0 3 
Player 0's bonus: 6 1 3 3 2 
Player 0's reserve: 43 [6 0 0 0 0][4 3] 53 [0 3 2 3 0][3 1] 83 [5 3 3 0 3][2 3] 
----------------------------------------------
Remained Gem Tokens: 2 4 3 2 2 1 
 4 [1 1 2 1 0][3 0]  5 [0 0 4 0 0][3 1] 28 [2 1 2 0 0][1 0] 38 [0 0 3 0 0][3 0] 
45 [2 0 0 3 3][1 1] 48 [0 0 6 0 0][0 3] 58 [0 6 0 0 0][3 3] 64 [0 0 0 5 3][2 2] 
77 [0 0 7 0 0][4 4] 81 [0 3 0 0 7][3 5] 87 [0 0 0 7 0][1 4] 89 [3 5 3 3 0][0 3] 
Score: 5 VS 14
----------------------------------------------
Player 1's gem:   2 0 1 2 2 0 
Player 1's bonus: 2 7 1 1 5 
Player 1's reserve: 84 [7 0 0 3 0][2 5] 86 [7 0 0 0 0][2 4] 
==============================================
value = 13.86 [0 0 3 0 0]
player 0's move: buy 38
Round 62
==============================================
Player 0's gem:   0 0 0 0 0 3 
Player 0's bonus: 6 1 3 4 2 
Player 0's reserve: 43 [6 0 0 0 0][4 3] 53 [0 3 2 3 0][3 1] 83 [5 3 3 0 3][2 3] 
----------------------------------------------
Remained Gem Tokens: 2 4 3 2 2 1 
 4 [1 1 2 1 0][3 0]  5 [0 0 4 0 0][3 1] 28 [2 1 2 0 0][1 0] 34 [0 1 1 2 1][0 0] 
45 [2 0 0 3 3][1 1] 48 [0 0 6 0 0][0 3] 58 [0 6 0 0 0][3 3] 64 [0 0 0 5 3][2 2] 
77 [0 0 7 0 0][4 4] 81 [0 3 0 0 7][3 5] 87 [0 0 0 7 0][1 4] 89 [3 5 3 3 0][0 3] 
Score: 5 VS 14
----------------------------------------------
Player 1's gem:   2 0 1 2 2 0 
Player 1's bonus: 2 7 1 1 5 
Player 1's reserve: 84 [7 0 0 3 0][2 5] 86 [7 0 0 0 0][2 4] 
==============================================
player 1's move: take 1 0 1 1 0 
Round 63
==============================================
Player 0's gem:   0 0 0 0 0 3 
Player 0's bonus: 6 1 3 4 2 
Player 0's reserve: 43 [6 0 0 0 0][4 3] 53 [0 3 2 3 0][3 1] 83 [5 3 3 0 3][2 3] 
----------------------------------------------
Remained Gem Tokens: 1 4 2 1 2 1 
 4 [1 1 2 1 0][3 0]  5 [0 0 4 0 0][3 1] 28 [2 1 2 0 0][1 0] 34 [0 1 1 2 1][0 0] 
45 [2 0 0 3 3][1 1] 48 [0 0 6 0 0][0 3] 58 [0 6 0 0 0][3 3] 64 [0 0 0 5 3][2 2] 
77 [0 0 7 0 0][4 4] 81 [0 3 0 0 7][3 5] 87 [0 0 0 7 0][1 4] 89 [3 5 3 3 0][0 3] 
Score: 5 VS 14
----------------------------------------------
Player 1's gem:   3 0 2 3 2 0 
Player 1's bonus: 2 7 1 1 5 
Player 1's reserve: 84 [7 0 0 3 0][2 5] 86 [7 0 0 0 0][2 4] 
==============================================
value = 14.40 [0 1 1 2 1]
player 0's move: buy 34
Round 64
==============================================
Player 0's gem:   0 0 0 0 0 3 
Player 0's bonus: 7 1 3 4 2 
Player 0's reserve: 43 [6 0 0 0 0][4 3] 53 [0 3 2 3 0][3 1] 83 [5 3 3 0 3][2 3] 
----------------------------------------------
Remained Gem Tokens: 1 4 2 1 2 1 
 4 [1 1 2 1 0][3 0]  5 [0 0 4 0 0][3 1] 13 [1 3 0 1 0][4 0] 28 [2 1 2 0 0][1 0] 
45 [2 0 0 3 3][1 1] 48 [0 0 6 0 0][0 3] 58 [0 6 0 0 0][3 3] 64 [0 0 0 5 3][2 2] 
77 [0 0 7 0 0][4 4] 81 [0 3 0 0 7][3 5] 87 [0 0 0 7 0][1 4] 89 [3 5 3 3 0][0 3] 
Score: 5 VS 14
----------------------------------------------
Player 1's gem:   3 0 2 3 2 0 
Player 1's bonus: 2 7 1 1 5 
Player 1's reserve: 84 [7 0 0 3 0][2 5] 86 [7 0 0 0 0][2 4] 
==============================================
player 1's move: buy 81
Server get 19 point.
Wrong Answer
